994345
600519
300896
688169
300782
300841
688185
000661
300760
600809
300750
600436
601888
600763
603444
000858
300454
603501
002821
688188
000568
300661
603345
002594
000596
603290
002304
002371
601799
300677
002791
688029
603605
300122
603986
603288
603737
300347
300601
000799
603259
600486
603833
603127
603613
300033
600132
000538
300676
603882
600309
300496
688012
002841
603160
002460
603338
300558
002568
002812
603658
601100
601012
300595
002714
002049
300999
002352
300124
002916
002920
300724
300792
603799
600276
300014
688002
603939
600570
603517
603806
603659
000333
300450

688008
300747
002709
600600
300618
603233
603899
688099
300529
600779
300628
300015
300699
603638
300357
002311
002410
601318
300482
300037
002032
600760
300474
603005
603883
002179
300526
300413
300598
002925
600845
300223
002409
603589
601021
600893
600872
002557
000733
002415
600009
000651
600885
600754
600536
300770
600660
688981
603369
000860
600298
002466
603866
002353
300285
002271
002541
600036
600038
601966
300567
600211
000786
300142
600438
688088
600315
002230
600585
300308
601336
600498
601231
603568
002212
300383
600848
000034
601607
000672
002120
300271
600352
001914
600621
300253
000703
600926
300498
002558
601088
601688
600998
002463
600267
600482
300085
600372
002044
002405
600895
002373
002268
601168
600598
601211
000066
002157
601360
600988
002064
000776
601788
600066
000050
000623
601456
002202
600446
000997
600562
000401
600048
000157
601138
000987
000555
600109
600056
600089
600977
601899
002185
601878
300251
600004
002027
600380
600061
600487
600867
001979
600837
600875
002736
600233
603885
600383
601919
300024
300451
002013
600062
601225
601108
002939
600674
601838
600271
002127
600000
002456
601198
601990
601881
002468
002174
002600
600967
600655
600167
002926
600522
002152
002075
600160
600958
002385
600373
002563
002465
002387
601098
600188
000975
000100
002673
600812
600733
601009
600260
002081
000686
601229
600637
601377
601555
601901
600177
600886
600489
000723
601111
000089
300088
000961
002797
002340
600153
000728
002966
000069
002647
601186
601933
300070
002065
000656
601128
603993
000783
600019
002500
601939
300296
002024
000425
601800
600516
300133
600879
600068
600021
600909
000729
300017
002146
601006
002602
601117
300376
002010
600026
002110
600029
600015
000671
600185
600390
601766
601658
600546
002429
000725
000402
601958
000027
601727
600919
601699
002085
601216
600376
601390
601816
600606
600928
000932
601398
600016
601162
000983
600820
600642
601872
600583
600415
002266
601985
601668
600115
601169
600673
600369
000166
000598
000750
600704
002958
601328
600018
600028
600219
601857
600572
601598
601818
600050
601077
601989
000035
600466
601916
601018
600705
300026
601600
600011
601860
000627
300459
601669
000825
600688
002506
000883
600675
002217
601099
601288
601988
600208
600027
002131
601618
600170
000046
000540
601992
000630
600808
601866
600256
600863
000709
000629
600795
600816
000415
002195
000413
600010
600221
600340
600426
002475
300502
002007
002507
002601
000895
600196
603027
600031
002690
000951
600346
002705
002912
600887
300363
601155
600316
002493
300316
300408
002142
300463
600588
600584
002001
601689
002414
601633
000423
600161
601601
600529
002074
603712
300298
002508
600511
002459
000028
002607
603456
002773
300059
000513
002294
002572
601066
002153
603927
002430
002626
002831
601877
601628
600690
600859
002241
300136
000977
603707
000963
600406
002242
002030
300003
000063
600118
300433
000768
002439
688126
603019
002683
300012
3007733
000002
002555
600862
600741
002216
002299
600703
600332
601233
600030
601166
600176
002223
002129
300207
600460
600085
300212
002156
002389
002625
600521
002180
002050
600685
600699
600258
600362
000338
000581
600305
002080
002281
000001
002624
603156
002511
002603
600183
600201
000876
002250
600999
002236
300418
000739
600549
002382
000988
600739
300146
002368
600547
002739
601615
600104
002384
603858
000938
000021
000738
002396
002019
002372
002422
603708
002399
600111
600801
600566
002078
300168
000547
600900
000625
300144
000998
